-1.4	-2.05735737897	0.874957941595
-1.14545454545	-1.14161254425	0.901052544621
-0.890909090909	-0.355279071587	0.645117312819
-0.636363636364	0.0633180313995	0.764093965606
-0.381818181818	0.761058460743	0.855189027379
-0.127272727273	1.01667914791	0.818568568626
0.127272727273	1.10105501622	0.9668538934
0.381818181818	0.911111728373	0.343337511386
0.636363636364	0.685558640001	0.607250899463
0.890909090909	0.387669637653	0.497228170176
1.14545454545	0.128061348361	0.400165312891
1.4	-0.417431552528	0.328559844075


-1.4	-2.26942179166
-1.3766666666666665	-2.10860003492
-1.3533333333333333	-1.9502628154
-1.3299999999999998	-1.79441013309
-1.3066666666666666	-1.64104198799
-1.2833333333333332	-1.4901583801
-1.26	-1.34175930943
-1.2366666666666666	-1.19584477598
-1.2133333333333334	-1.05241477973
-1.19	-0.911469320704
-1.1666666666666665	-0.773008398889
-1.1433333333333333	-0.637032014287
-1.1199999999999999	-0.503540166899
-1.0966666666666667	-0.372532856725
-1.0733333333333333	-0.244010083765
-1.0499999999999998	-0.117971848018
-1.0266666666666666	0.0055818505147
-1.0033333333333334	0.126651011834
-0.98	0.245235635939
-0.9566666666666666	0.361335722831
-0.9333333333333332	0.474951272508
-0.9099999999999999	0.586082284972
-0.8866666666666666	0.694728760223
-0.8633333333333333	0.800890698259
-0.84	0.904568099082
-0.8166666666666665	1.00576096269
-0.7933333333333332	1.10446928909
-0.7699999999999999	1.20069307827
-0.7466666666666667	1.29443233024
-0.7233333333333334	1.38568704499
-0.7	1.47445722253
-0.6766666666666666	1.56074286286
-0.6533333333333333	1.64454396597
-0.63	1.72586053187
-0.6066666666666667	1.80469256055
-0.5833333333333333	1.88104005202
-0.5599999999999999	1.95490300628
-0.5366666666666666	2.02628142333
-0.5133333333333333	2.09517530316
-0.49	2.16158464577
-0.46666666666666656	2.22550945117
-0.44333333333333325	2.28694971936
-0.41999999999999993	2.34590545034
-0.3966666666666667	2.4023766441
-0.3733333333333333	2.45636330065
-0.3500000000000001	2.50786541998
-0.32666666666666666	2.5568830021
-0.30333333333333323	2.60341604701
-0.28	2.6474645547
-0.2566666666666666	2.68902852518
-0.23333333333333317	2.72810795844
-0.20999999999999996	2.76470285449
-0.18666666666666654	2.79881321333
-0.16333333333333333	2.83043903495
-0.1399999999999999	2.85958031936
-0.11666666666666647	2.88623706656
-0.09333333333333349	2.91040927654
-0.07000000000000006	2.93209694931
-0.046666666666666856	2.95130008487
-0.023333333333333428	2.96801868321
0.0	2.98225274433
0.023333333333333206	2.99400226825
0.046666666666666634	3.00326725495
0.06999999999999984	3.01004770443
0.09333333333333327	3.01434361671
0.1166666666666667	3.01615499176
0.1399999999999999	3.01548182961
0.16333333333333333	3.01232413024
0.18666666666666654	3.00668189366
0.20999999999999996	2.99855511986
0.2333333333333334	2.98794380885
0.2566666666666666	2.97484796063
0.28	2.95926757519
0.30333333333333323	2.94120265254
0.32666666666666666	2.92065319267
0.3500000000000001	2.89761919559
0.3733333333333333	2.8721006613
0.3966666666666667	2.84409758979
0.41999999999999993	2.81360998107
0.44333333333333336	2.78063783514
0.4666666666666668	2.74518115199
0.49	2.70723993163
0.5133333333333334	2.66681417405
0.5366666666666666	2.62390387926
0.56	2.57850904726
0.5833333333333333	2.53062967804
0.6066666666666665	2.48026577161
0.6299999999999999	2.42741732797
0.6533333333333333	2.37208434711
0.6766666666666667	2.31426682904
0.6999999999999997	2.25396477375
0.7233333333333332	2.19117818125
0.7466666666666666	2.12590705154
0.77	2.05815138461
0.7933333333333334	1.98791118047
0.8166666666666669	1.91518643912
0.8399999999999999	1.83997716055
0.8633333333333333	1.76228334477
0.8866666666666667	1.68210499177
0.9100000000000001	1.59944210156
0.9333333333333336	1.51429467414
0.9566666666666666	1.4266627095
0.98	1.33654620765
1.0033333333333334	1.24394516859
1.0266666666666668	1.14885959231
1.0500000000000003	1.05128947882
1.0733333333333333	0.951234828113
1.0966666666666667	0.848695640194
1.12	0.74367191506
1.1433333333333335	0.636163652713
1.166666666666667	0.526170853152
1.1899999999999995	0.413693516378
1.213333333333333	0.298731642389
1.2366666666666664	0.181285231187
1.2599999999999998	0.0613542827714
1.2833333333333332	-0.0610612028582
1.3066666666666662	-0.185961225702
1.3299999999999996	-0.313345785759
1.353333333333333	-0.44321488303
1.3766666666666665	-0.575568517514


-1.4	-1.84435232597
-1.3766666666666665	-1.69402399258
-1.3533333333333333	-1.54592066653
-1.3299999999999998	-1.40004234781
-1.3066666666666666	-1.25638903642
-1.2833333333333332	-1.11496073236
-1.26	-0.975757435627
-1.2366666666666666	-0.838779146228
-1.2133333333333334	-0.704025864158
-1.19	-0.57149758942
-1.1666666666666665	-0.441194322012
-1.1433333333333333	-0.313116061935
-1.1199999999999999	-0.187262809188
-1.0966666666666667	-0.0636345637715
-1.0733333333333333	0.0577686743143
-1.0499999999999998	0.176946905069
-1.0266666666666666	0.293900128494
-1.0033333333333334	0.408628344588
-0.98	0.521131553352
-0.9566666666666666	0.631409754784
-0.9333333333333332	0.739462948887
-0.9099999999999999	0.845291135659
-0.8866666666666666	0.9488943151
-0.8633333333333333	1.05027248721
-0.84	1.14942565199
-0.8166666666666665	1.24635380944
-0.7933333333333332	1.34105695956
-0.7699999999999999	1.43353510235
-0.7466666666666667	1.52378823781
-0.7233333333333334	1.61181636593
-0.7	1.69761948673
-0.6766666666666666	1.7811976002
-0.6533333333333333	1.86255070633
-0.63	1.94167880514
-0.6066666666666667	2.01858189661
-0.5833333333333333	2.09325998075
-0.5599999999999999	2.16571305757
-0.5366666666666666	2.23594112705
-0.5133333333333333	2.3039441892
-0.49	2.36972224402
-0.46666666666666656	2.43327529152
-0.44333333333333325	2.49460333168
-0.41999999999999993	2.55370636451
-0.3966666666666667	2.61058439001
-0.3733333333333333	2.66523740817
-0.3500000000000001	2.71766541901
-0.32666666666666666	2.76786842252
-0.30333333333333323	2.8158464187
-0.28	2.86159940754
-0.2566666666666666	2.90512738906
-0.23333333333333317	2.94643036325
-0.20999999999999996	2.9855083301
-0.18666666666666654	3.02236128962
-0.16333333333333333	3.05698924182
-0.1399999999999999	3.08939218668
-0.11666666666666647	3.11957012421
-0.09333333333333349	3.14752305442
-0.07000000000000006	3.17325097729
-0.046666666666666856	3.19675389283
-0.023333333333333428	3.21803180104
0.0	3.23708470192
0.023333333333333206	3.25391259547
0.046666666666666634	3.26851548169
0.06999999999999984	3.28089336058
0.09333333333333327	3.29104623213
0.1166666666666667	3.29897409636
0.1399999999999999	3.30467695326
0.16333333333333333	3.30815480282
0.18666666666666654	3.30940764506
0.20999999999999996	3.30843547996
0.2333333333333334	3.30523830754
0.2566666666666666	3.29981612778
0.28	3.29216894069
0.30333333333333323	3.28229674628
0.32666666666666666	3.27019954453
0.3500000000000001	3.25587733545
0.3733333333333333	3.23933011904
0.3966666666666667	3.2205578953
0.41999999999999993	3.19956066423
0.44333333333333336	3.17633842583
0.4666666666666668	3.1508911801
0.49	3.12321892704
0.5133333333333334	3.09332166664
0.5366666666666666	3.06119939892
0.56	3.02685212387
0.5833333333333333	2.99027984148
0.6066666666666665	2.95148255177
0.6299999999999999	2.91046025472
0.6533333333333333	2.86721295035
0.6766666666666667	2.82174063864
0.6999999999999997	2.7740433196
0.7233333333333332	2.72412099324
0.7466666666666666	2.67197365954
0.77	2.61760131851
0.7933333333333334	2.56100397015
0.8166666666666669	2.50218161446
0.8399999999999999	2.44113425144
0.8633333333333333	2.37786188109
0.8866666666666667	2.31236450341
0.9100000000000001	2.24464211839
0.9333333333333336	2.17469472605
0.9566666666666666	2.10252232638
0.98	2.02812491938
1.0033333333333334	1.95150250504
1.0266666666666668	1.87265508338
1.0500000000000003	1.79158265438
1.0733333333333333	1.70828521805
1.0966666666666667	1.6227627744
1.12	1.53501532341
1.1433333333333335	1.44504286509
1.166666666666667	1.35284539944
1.1899999999999995	1.25842292647
1.213333333333333	1.16177544616
1.2366666666666664	1.06290295852
1.2599999999999998	0.961805463546
1.2833333333333332	0.858482961245
1.3066666666666662	0.752935451613
1.3299999999999996	0.645162934651
1.353333333333333	0.535165410358
1.3766666666666665	0.422942878735


-1.4	-2.69449125736
-1.3766666666666665	-2.52317607726
-1.3533333333333333	-2.35460496426
-1.3299999999999998	-2.18877791836
-1.3066666666666666	-2.02569493956
-1.2833333333333332	-1.86535602785
-1.26	-1.70776118324
-1.2366666666666666	-1.55291040572
-1.2133333333333334	-1.40080369531
-1.19	-1.25144105199
-1.1666666666666665	-1.10482247577
-1.1433333333333333	-0.96094796664
-1.1199999999999999	-0.819817524611
-1.0966666666666667	-0.681431149679
-1.0733333333333333	-0.545788841844
-1.0499999999999998	-0.412890601106
-1.0266666666666666	-0.282736427465
-1.0033333333333334	-0.15532632092
-0.98	-0.0306602814733
-0.9566666666666666	0.0912616908769
-0.9333333333333332	0.21043959613
-0.9099999999999999	0.326873434286
-0.8866666666666666	0.440563205346
-0.8633333333333333	0.551508909308
-0.84	0.659710546173
-0.8166666666666665	0.765168115942
-0.7933333333333332	0.867881618613
-0.7699999999999999	0.967851054188
-0.7466666666666667	1.06507642267
-0.7233333333333334	1.15955772405
-0.7	1.25129495833
-0.6766666666666666	1.34028812552
-0.6533333333333333	1.42653722561
-0.63	1.5100422586
-0.6066666666666667	1.59080322449
-0.5833333333333333	1.66882012329
-0.5599999999999999	1.74409295499
-0.5366666666666666	1.8166217196
-0.5133333333333333	1.88640641711
-0.49	1.95344704752
-0.46666666666666656	2.01774361083
-0.44333333333333325	2.07929610705
-0.41999999999999993	2.13810453617
-0.3966666666666667	2.19416889819
-0.3733333333333333	2.24748919312
-0.3500000000000001	2.29806542095
-0.32666666666666666	2.34589758168
-0.30333333333333323	2.39098567532
-0.28	2.43332970185
-0.2566666666666666	2.4729296613
-0.23333333333333317	2.50978555364
-0.20999999999999996	2.54389737889
-0.18666666666666654	2.57526513704
-0.16333333333333333	2.60388882809
-0.1399999999999999	2.62976845205
-0.11666666666666647	2.65290400891
-0.09333333333333349	2.67329549867
-0.07000000000000006	2.69094292134
-0.046666666666666856	2.7058462769
-0.023333333333333428	2.71800556538
0.0	2.72742078675
0.023333333333333206	2.73409194103
0.046666666666666634	2.73801902821
0.06999999999999984	2.73920204829
0.09333333333333327	2.73764100128
0.1166666666666667	2.73333588717
0.1399999999999999	2.72628670596
0.16333333333333333	2.71649345766
0.18666666666666654	2.70395614226
0.20999999999999996	2.68867475976
0.2333333333333334	2.67064931016
0.2566666666666666	2.64987979347
0.28	2.62636620968
0.30333333333333323	2.6001085588
0.32666666666666666	2.57110684082
0.3500000000000001	2.53936105574
0.3733333333333333	2.50487120356
0.3966666666666667	2.46763728429
0.41999999999999993	2.42765929791
0.44333333333333336	2.38493724445
0.4666666666666668	2.33947112388
0.49	2.29126093622
0.5133333333333334	2.24030668146
0.5366666666666666	2.18660835961
0.56	2.13016597066
0.5833333333333333	2.07097951461
0.6066666666666665	2.00904899146
0.6299999999999999	1.94437440122
0.6533333333333333	1.87695574388
0.6766666666666667	1.80679301944
0.6999999999999997	1.7338862279
0.7233333333333332	1.65823536927
0.7466666666666666	1.57984044355
0.77	1.49870145072
0.7933333333333334	1.4148183908
0.8166666666666669	1.32819126378
0.8399999999999999	1.23882006966
0.8633333333333333	1.14670480845
0.8866666666666667	1.05184548014
0.9100000000000001	0.954242084734
0.9333333333333336	0.853894622231
0.9566666666666666	0.75080309263
0.98	0.644967495932
1.0033333333333334	0.536387832137
1.0266666666666668	0.425064101246
1.0500000000000003	0.310996303257
1.0733333333333333	0.194184438172
1.0966666666666667	0.0746285059893
1.12	-0.0476714932902
1.1433333333333335	-0.172715559667
1.166666666666667	-0.30050369314
1.1899999999999995	-0.43103589371
1.213333333333333	-0.564312161378
1.2366666666666664	-0.700332496142
1.2599999999999998	-0.839096898003
1.2833333333333332	-0.980605366961
1.3066666666666662	-1.12485790302
1.3299999999999996	-1.27185450617
1.353333333333333	-1.42159517642
1.3766666666666665	-1.57407991376
